# CA      p        T       u'
1.96078e-06	4250003.7	1000.0009	1000.0009	1000.0009	0.57722843	0.00027	1.3146253	0.0040360489	2241.0877	0.0043942897	5.1618234e-23	8.082538e-13	0	0
3.92157e-06	4250008.3	1000.002	1000.002	999.99639	0.57710665	0.00027	1.3146252	0.0040360489	2241.0899	0.0087885836	1.0331658e-22	1.6165798e-12	0	0
5.88235e-06	4250013.1	1000.0032	1000.0032	999.97675	0.57698493	0.00027	1.3146251	0.0040360489	2241.092	0.013182882	1.5502278e-22	2.4249681e-12	0	0
7.84314e-06	4250017.9	1000.0044	1000.0044	999.9372	0.57686327	0.00027	1.314625	0.0040360489	2241.0942	0.017577184	2.0673764e-22	3.2334183e-12	0	0
9.80392e-06	4250022.8	1000.0056	1000.0057	999.86469	0.57674167	0.00027	1.3146249	0.0040360489	2241.0963	0.02197149	2.5846497e-22	4.04193e-12	0	0
1.17647e-05	4250027.6	1000.0067	1000.0077	999.74524	0.57662012	0.00027	1.3146248	0.0040360489	2241.0985	0.026365801	3.1020991e-22	4.8505031e-12	0	0
1.37255e-05	4250032.4	1000.0079	1000.0108	999.56297	0.57649863	0.00027	1.3146247	0.0040360489	2241.1006	0.030760116	3.6198011e-22	5.6591377e-12	0	0
1.56863e-05	4250037.3	1000.0091	1000.0157	999.29966	0.5763772	0.00027	1.3146246	0.0040360489	2241.1028	0.035154435	4.137837e-22	6.467834e-12	0	0
1.76471e-05	4250042.1	1000.0103	1000.0232	998.93423	0.57625583	0.00027	1.3146245	0.0040360489	2241.1049	0.039548759	4.6563248e-22	7.2765923e-12	0	0
