(	0.000000	0.000	)
(	0.000014	0.486	)
(	0.000030	1.042	)
(	0.000046	1.598	)
(	0.000062	2.154	)
(	0.000078	2.648	)
(	0.000094	2.702	)
(	0.000110	2.702	)
(	0.000126	2.702	)
(	0.000142	2.702	)
(	0.000158	2.702	)
(	0.000174	2.702	)
(	0.000190	2.702	)
(	0.000206	2.702	)
(	0.000222	2.702	)
(	0.000238	2.702	)
(	0.000254	2.702	)
(	0.000270	2.702	)
(	0.000286	2.702	)
(	0.000302	2.702	)
(	0.000318	2.702	)
(	0.000334	2.702	)
(	0.000350	2.702	)
(	0.000366	2.702	)
(	0.000382	2.702	)
(	0.000398	2.702	)
(	0.000414	2.702	)
(	0.000430	2.702	)
(	0.000446	2.702	)
(	0.000462	2.702	)
(	0.000478	2.702	)
(	0.000494	2.702	)
(	0.000510	2.702	)
(	0.000526	2.702	)
(	0.000542	2.702	)
(	0.000558	2.702	)
(	0.000574	2.702	)
(	0.000590	2.702	)
(	0.000606	2.702	)
(	0.000622	2.702	)
(	0.000638	2.702	)
(	0.000654	2.702	)
(	0.000670	2.702	)
(	0.000686	2.702	)
(	0.000702	2.702	)
(	0.000718	2.702	)
(	0.000734	2.702	)
(	0.000750	2.702	)
(	0.000766	2.702	)
(	0.000782	2.702	)
(	0.000798	2.702	)
(	0.000814	2.702	)
(	0.000830	2.702	)
(	0.000846	2.702	)
(	0.000862	2.702	)
(	0.000878	2.702	)
(	0.000894	2.702	)
(	0.000910	2.702	)
(	0.000926	2.702	)
(	0.000942	2.702	)
(	0.000958	2.702	)
(	0.000974	2.702	)
(	0.000990	2.702	)
(	0.001006	2.702	)
(	0.001022	2.702	)
(	0.001038	2.702	)
(	0.001054	2.702	)
(	0.001070	2.702	)
(	0.001086	2.702	)
(	0.001102	2.702	)
(	0.001118	2.702	)
(	0.001134	2.702	)
(	0.001150	2.702	)
(	0.001166	2.702	)
(	0.001182	2.702	)
(	0.001198	2.702	)
(	0.001214	2.702	)
(	0.001230	2.702	)
(	0.001246	2.702	)
(	0.001262	2.702	)
(	0.001278	2.702	)
(	0.001294	2.702	)
(	0.001310	2.702	)
(	0.001326	2.702	)
(	0.001342	2.702	)
(	0.001358	2.702	)
(	0.001374	2.702	)
(	0.001390	2.702	)
(	0.001406	2.702	)
(	0.001422	2.702	)
(	0.001438	2.702	)
(	0.001454	2.702	)
(	0.001470	2.702	)
(	0.001486	2.702	)
(	0.001502	2.702	)
(	0.001518	2.702	)
(	0.001534	2.702	)
(	0.001550	2.702	)
(	0.001566	2.702	)
(	0.001582	2.702	)
(	0.001598	2.702	)
(	0.001614	2.702	)
(	0.001630	2.702	)
(	0.001646	2.702	)
(	0.001662	2.702	)
(	0.001678	2.702	)
(	0.001694	2.702	)
(	0.001710	2.702	)
(	0.001726	2.702	)
(	0.001742	2.702	)
(	0.001758	2.702	)
(	0.001774	2.702	)
(	0.001790	2.702	)
(	0.001806	2.702	)
(	0.001822	2.702	)
(	0.001838	2.702	)
(	0.001854	2.702	)
(	0.001870	2.702	)
(	0.001886	2.702	)
(	0.001902	2.702	)
(	0.001918	2.702	)
(	0.001934	2.702	)
(	0.001950	2.702	)
(	0.001966	2.702	)
(	0.001982	2.702	)
(	0.001998	2.702	)
(	0.002014	2.702	)
(	0.002030	2.702	)
(	0.002046	2.702	)
(	0.002062	2.702	)
(	0.002078	2.702	)
(	0.002094	2.702	)
(	0.002110	2.702	)
(	0.002126	2.702	)
(	0.002142	2.702	)
(	0.002158	2.702	)
(	0.002174	2.702	)
(	0.002190	2.702	)
(	0.002206	2.702	)
(	0.002222	2.702	)
(	0.002238	2.702	)
(	0.002254	2.702	)
(	0.002270	2.702	)
(	0.002286	2.702	)
(	0.002302	2.702	)
(	0.002318	2.702	)
(	0.002334	2.702	)
(	0.002350	2.702	)
(	0.002366	2.702	)
(	0.002382	2.702	)
(	0.002398	2.702	)
(	0.002414	2.702	)
(	0.002430	2.702	)
(	0.002446	2.702	)
(	0.002462	2.702	)
(	0.002478	2.702	)
(	0.002494	2.702	)
(	0.002510	2.702	)
(	0.002526	2.702	)
(	0.002542	2.702	)
(	0.002558	2.702	)
(	0.002574	2.702	)
(	0.002590	2.702	)
(	0.002606	2.702	)
(	0.002622	2.702	)
(	0.002638	2.702	)
(	0.002654	2.702	)
(	0.002670	2.702	)
(	0.002686	2.702	)
(	0.002702	2.702	)
(	0.002718	2.702	)
(	0.002734	2.702	)
(	0.002750	2.702	)
(	0.002766	2.702	)
(	0.002782	2.702	)
(	0.002798	2.702	)
(	0.002814	2.702	)
(	0.002830	2.702	)
(	0.002846	2.702	)
(	0.002862	2.702	)
(	0.002878	2.702	)
(	0.002894	2.702	)
(	0.002910	2.702	)
(	0.002926	2.702	)
(	0.002942	2.702	)
(	0.002958	2.702	)
(	0.002974	2.702	)
(	0.002990	2.702	)
(	0.003006	2.702	)
(	0.003022	2.702	)
(	0.003038	2.702	)
(	0.003054	2.702	)
(	0.003070	2.702	)
(	0.003086	2.702	)
(	0.003102	2.702	)
(	0.003118	2.702	)
(	0.003134	2.702	)
(	0.003150	2.702	)
(	0.003166	2.702	)
(	0.003182	2.702	)
(	0.003198	2.702	)
(	0.003214	2.702	)
(	0.003230	2.702	)
(	0.003246	2.702	)
(	0.003262	2.702	)
(	0.003278	2.702	)
(	0.003294	2.702	)
(	0.003310	2.702	)
(	0.003326	2.702	)
(	0.003342	2.702	)
(	0.003358	2.702	)
(	0.003374	2.702	)
(	0.003390	2.702	)
(	0.003406	2.702	)
(	0.003422	2.702	)
(	0.003438	2.702	)
(	0.003454	2.702	)
(	0.003470	2.702	)
(	0.003486	2.702	)
(	0.003502	2.702	)
(	0.003518	2.702	)
(	0.003534	2.702	)
(	0.003550	2.702	)
(	0.003566	2.702	)
(	0.003582	2.702	)
(	0.003598	2.702	)
(	0.003614	2.702	)
(	0.003630	2.702	)
(	0.003646	2.702	)
(	0.003662	2.702	)
(	0.003678	2.702	)
(	0.003694	2.702	)
(	0.003710	2.702	)
(	0.003726	2.702	)
(	0.003742	2.702	)
(	0.003758	2.702	)
(	0.003774	2.702	)
(	0.003790	2.702	)
(	0.003806	2.702	)
(	0.003822	2.702	)
(	0.003838	2.702	)
(	0.003854	2.702	)
(	0.003870	2.702	)
(	0.003886	2.702	)
(	0.003902	2.702	)
(	0.003918	2.702	)
(	0.003934	2.702	)
(	0.003950	2.702	)
(	0.003966	2.702	)
(	0.003982	2.702	)
(	0.003998	2.702	)
(	0.004014	2.702	)
(	0.004030	2.702	)
(	0.004046	2.702	)
(	0.004062	2.702	)
(	0.004078	2.702	)
(	0.004094	2.702	)
(	0.004110	2.702	)
(	0.004126	2.702	)
(	0.004142	2.702	)
(	0.004158	2.702	)
(	0.004174	2.702	)
(	0.004190	2.702	)
(	0.004206	2.702	)
(	0.004222	2.702	)
(	0.004238	2.702	)
(	0.004254	2.702	)
(	0.004270	2.702	)
(	0.004286	2.702	)
(	0.004302	2.702	)
(	0.004318	2.702	)
(	0.004334	2.702	)
(	0.004350	2.702	)
(	0.004366	2.702	)
(	0.004382	2.702	)
(	0.004398	2.702	)
(	0.004414	2.702	)
(	0.004430	2.702	)
(	0.004446	2.702	)
(	0.004462	2.702	)
(	0.004478	2.702	)
(	0.004494	2.702	)
(	0.004510	2.702	)
(	0.004526	2.702	)
(	0.004542	2.702	)
(	0.004558	2.702	)
(	0.004574	2.702	)
(	0.004590	2.702	)
(	0.004606	2.702	)
(	0.004622	2.702	)
(	0.004638	2.702	)
(	0.004654	2.702	)
(	0.004670	2.702	)
(	0.004686	2.702	)
(	0.004702	2.702	)
(	0.004718	2.702	)
(	0.004734	2.702	)
(	0.004750	2.702	)
(	0.004766	2.702	)
(	0.004782	2.702	)
(	0.004798	2.702	)
(	0.004814	2.702	)
(	0.004830	2.702	)
(	0.004846	2.702	)
(	0.004862	2.702	)
(	0.004878	2.702	)
(	0.004894	2.702	)
(	0.004910	2.702	)
(	0.004926	2.702	)
(	0.004942	2.702	)
(	0.004958	2.702	)
(	0.004974	2.702	)
(	0.004990	2.702	)
(	0.005006	2.702	)
(	0.005022	2.702	)
(	0.005038	2.702	)
(	0.005054	2.702	)
(	0.005070	2.702	)
(	0.005086	2.702	)
(	0.005102	2.702	)
(	0.005118	2.702	)
(	0.005134	2.702	)
(	0.005150	2.702	)
(	0.005166	2.702	)
(	0.005182	2.702	)
(	0.005198	2.702	)
(	0.005214	2.702	)
(	0.005230	2.702	)
(	0.005246	2.702	)
(	0.005262	2.702	)
(	0.005278	2.702	)
(	0.005294	2.702	)
(	0.005310	2.702	)
(	0.005326	2.702	)
(	0.005342	2.702	)
(	0.005358	2.702	)
(	0.005374	2.702	)
(	0.005390	2.702	)
(	0.005406	2.702	)
(	0.005422	2.702	)
(	0.005438	2.702	)
(	0.005454	2.702	)
(	0.005470	2.702	)
(	0.005486	2.702	)
(	0.005502	2.702	)
(	0.005518	2.702	)
(	0.005534	2.702	)
(	0.005550	2.702	)
(	0.005566	2.702	)
(	0.005582	2.702	)
(	0.005598	2.702	)
(	0.005614	2.702	)
(	0.005630	2.702	)
(	0.005646	2.702	)
(	0.005662	2.702	)
(	0.005678	2.702	)
(	0.005694	2.702	)
(	0.005710	2.702	)
(	0.005726	2.702	)
(	0.005742	2.702	)
(	0.005758	2.702	)
(	0.005774	2.702	)
(	0.005790	2.702	)
(	0.005806	2.702	)
(	0.005822	2.702	)
(	0.005838	2.702	)
(	0.005854	2.702	)
(	0.005870	2.702	)
(	0.005886	2.702	)
(	0.005902	2.702	)
(	0.005918	2.702	)
(	0.005934	2.702	)
(	0.005950	2.702	)
(	0.005966	2.702	)
(	0.005982	2.702	)
(	0.005998	2.702	)
(	0.006014	2.702	)
(	0.006030	2.702	)
(	0.006046	2.702	)
(	0.006062	2.702	)
(	0.006078	2.702	)
(	0.006094	2.702	)
(	0.006110	2.702	)
(	0.006126	2.702	)
(	0.006142	2.702	)
(	0.006158	2.702	)
(	0.006174	2.702	)
(	0.006190	2.702	)
(	0.006206	2.702	)
(	0.006222	2.702	)
(	0.006238	2.702	)
(	0.006254	2.702	)
(	0.006270	2.702	)
(	0.006286	2.702	)
(	0.006302	2.702	)
(	0.006318	2.702	)
(	0.006334	2.702	)
(	0.006350	2.702	)
(	0.006366	2.702	)
(	0.006382	2.702	)
(	0.006398	2.702	)
(	0.006414	2.702	)
(	0.006430	2.702	)
(	0.006446	2.702	)
(	0.006462	2.702	)
(	0.006478	2.702	)
(	0.006494	2.702	)
(	0.006510	2.702	)
(	0.006526	2.702	)
(	0.006542	2.702	)
(	0.006558	2.702	)
(	0.006574	2.702	)
(	0.006590	2.702	)
(	0.006606	2.702	)
(	0.006622	2.702	)
(	0.006638	2.702	)
(	0.006654	2.686	)
(	0.006670	2.624	)
(	0.006686	2.563	)
(	0.006702	2.501	)
(	0.006718	2.439	)
(	0.006734	2.230	)
(	0.006750	1.999	)
(	0.006766	1.769	)
(	0.006782	1.538	)
(	0.006798	1.308	)
(	0.006814	1.077	)
(	0.006830	0.847	)
(	0.006846	0.616	)
(	0.006862	0.385	)
(	0.006878	0.198	)
(	0.006894	0.054	)
(	0.006900	0.000	)
(	100	0.00	)
